Lineage	Residue	Trust	C1	C2	C3	C4	C5	C6	C7	C8
	a-D-Manp	89%	95.2	71.8	71.9	77.2	73.3	62.3
4	a-D-Glcp	87%	100.7	73.0	74.2	71.0	72.4	68.8
4,6	b-D-Glcp	89%	103.6	74.2	75.5	79.9	75.9	61.2
4,6,4	b-D-GlcpN	91%	102.5	56.0	82.0	71.5	77.0	61.9
4,6,4,2	Ac	99%	175.6	23.5
4,6,4,3	a-D-Rhap	91%	101.9	71.6	70.3	84.5	69.0	17.4
4,6,4,3,4	b-D-GlcpN	90%	102.7	55.9	82.0	71.8	77.1	62.2
4,6,4,3,4,2	Ac	99%	175.6	23.5
4,6,4,3,4,3	a-D-Rhap	89%	101.9	69.4	79.6	71.7	70.2	17.8
4,6,4,3,4,3,3	b-D-GlcpN	87%	101.2	55.9	82.0	71.4	76.9	61.9
4,6,4,3,4,3,3,2	Ac	99%	175.6	23.5
4,6,4,3,4,3,3,3	a-D-Rhap	48%	102.2	71.3	77.3	72.1	70.0	17.3
4,6,4,3,4,3,3,3,3	b-Kdop	92%	174.5	102.5	35.5	68.5	66.5	74.5	70.2	65.2
