Linkage	Residue	Trust	C1	C2	C3	C4	C5	C6	C7	C8
	a-D-Manp	60%	95.2	70.6	72.4	79.9	75.3	63.2
4	a-D-Glcp	66%	99.6	73.9	75.1	71.5	73.2	65.6
4,6	b-D-Glcp	63%	103.0	73.4	75.0	80.1	75.8	61.2
4,6,4	b-D-GlcpN	61%	102.5	56.7	82.8	69.3	77.0	61.0
4,6,4,2	Ac	88%	175.6	23.4
4,6,4,3	a-D-Rhap	54%	102.0	71.3	70.5	84.4	68.5	17.8
4,6,4,3,4	b-D-GlcpN	53%	102.0	56.3	83.1	70.2	77.1	62.2
4,6,4,3,4,2	Ac	88%	175.6	23.4
4,6,4,3,4,3	a-D-Rhap	67%	101.8	70.9	81.0	71.3	69.7	17.0
4,6,4,3,4,3,3	b-D-GlcpN	67%	102.7	56.3	82.3	69.0	76.4	61.2
4,6,4,3,4,3,3,2	Ac	88%	175.6	23.4
4,6,4,3,4,3,3,3	a-D-Rhap	41%	102.3	71.4	75.0	72.1	70.0	17.3
4,6,4,3,4,3,3,3,3	b-Kdop	62%	173.5	102.8	35.7	68.5	66.5	74.2	70.0	65.2
