Linkage	Residue	Trust	H1	H2	H3	H4	H5	H6	H7	H8
	a-D-Manp	58%	5.10	4.10	3.85	3.82	3.63	3.73-3.77
4	a-D-Glcp	69%	5.32	3.57	3.68	3.68	3.73	3.96
4,6	b-D-Glcp	60%	4.50	3.32	3.66	3.50	3.57	3.72-3.83
4,6,4	b-D-GlcpN	70%	4.59	3.95	3.60	3.55	3.45	3.72-3.89
4,6,4,2	Ac	98%	-	2.03
4,6,4,3	a-D-Rhap	60%	5.24	4.06	3.96	3.56	3.90	1.30
4,6,4,3,4	b-D-GlcpN	11%	4.70	3.58	3.72	3.51	3.55	3.77-3.90
4,6,4,3,4,2	Ac	98%	-	2.03
4,6,4,3,4,3	a-D-Rhap	81%	4.81	3.96	3.74	3.44	3.97	1.19
4,6,4,3,4,3,3	b-D-GlcpN	81%	4.66	3.81	3.58	3.52	3.42	3.77-3.89
4,6,4,3,4,3,3,2	Ac	98%	-	2.03
4,6,4,3,4,3,3,3	a-D-Rhap	41%	4.83	4.10	3.90	3.40	4	1.22
4,6,4,3,4,3,3,3,3	b-Kdop	38%	-	-	1.90-2.62	3.62	3.82	3.65	3.94	3.74-3.84
