Lineage	Residue	Trust	C1	C2	C3	C4	C5	C6	C7	C8
	a-D-Manp	100%	95.3	72.0	71.7	76.4	72.6	62.3
4	a-D-Glcp	100%	101.0	72.7	74.0	70.9	72.2	69.7
4,6	b-D-Glcp	100%	103.8	74.4	75.6	79.9	75.9	61.3
4,6,4	b-D-GlcpNAc	100%	102.5	55.8	81.9	72.1	77.0	62.1	175.6	23.5
4,6,4,3	a-D-Rhap	100%	101.9	71.6	70.3	84.5	69.0	17.3
4,6,4,3,4	b-D-GlcpNAc	100%	102.9	55.8	81.9	72.1	77.0	62.1	175.6	23.5
4,6,4,3,4,3	a-D-Rhap	100%	101.9	68.9	79.2	71.8	70.4	18.0
4,6,4,3,4,3,3	b-D-GlcpNAc	100%	100.8	55.8	81.9	72.1	77.0	62.1	175.6	23.5
4,6,4,3,4,3,3,3	a-D-Rhap	13%	101.9	70.6	77.3	72.5	70.0	18.0
4,6,4,3,4,3,3,3,3	b-Kdop	100%	174.8	102.4	35.5	68.6	66.5	74.6	70.3	65.2
