Lineage	Residue	Trust	C1	C2	C3	C4	C5	C6	C7	C8
	a-D-GlcpN	70%	93.4	55.3	70.4	70.6	73.4	70.1
1	P		
6	b-D-GlcpN	85%	100.1	56.3	73.0	74.8	74.7	63.3
6,4	P		
6,6	a-Kdop	78%	175.9	100.8	34.8	73.3	69.0	73.4	70.1	64.2
6,6,5	a-Kdop	54%	177.0	101.1	34.7	68.2	69.7	74.2	71.1	63.1
6,6,5,5	a-Kdop	60%	176.3	101.7	36.7	66.2	67.7	75.6	72.8	68.1
6,6,5,5,8	a-L-Rhap	90%	101.1	70.7	79.1	72.1	69.5	17.7
6,6,5,5,8,3	a-L-Rhap	96%	103.3	71.0	79.1	72.5	69.9	17.7
6,6,5,5,8,3,3	a-L-Rhap	96%	103.4	71.5	71.2	73.3	70.1	17.9
6,6,5,4	a-D-GlcpN	88%	95.3	55.3	72.3	78.8	72.4	62.0
6,6,5,4,2	Ac	98%	175.3	23.2
6,6,5,4,4	a-D-GlcpN	90%	99.0	55.0	71.3	70.3	73.5	61.3
6,6,4	a-Kdop	92%	176.3	102.3	35.2	67.1	67.2	72.7	70.7	64.0
