Linkage	Residue	Trust	C1	C2	C3	C4	C5	C6	C7	C8
	a-D-GlcpN	77%	93.4	55.3	70.4	70.6	73.4	70.2
1	P	
6	b-D-GlcpN	86%	100.1	56.3	73.0	74.8	74.7	63.3
6,4	P	
6,6	a-Kdop	83%	175.9	100.8	34.8	73.3	69.0	73.4	70.1	64.3
6,6,5	a-Kdop	60%	177.0	101.1	34.7	68.2	69.7	74.2	71.1	63.1
6,6,5,5	a-Kdop	67%	176.3	101.7	36.7	66.2	67.7	75.6	72.8	68.1
6,6,5,5,8	a-L-Rhap	70%	100.8	70.2	79.1	71.1	69.2	17.8
6,6,5,5,8,3	a-L-Rhap	91%	103.1	71.2	79.1	72.5	70.4	17.9
6,6,5,5,8,3,3	a-L-Rhap	90%	103.4	71.3	71.2	73.1	70.2	17.8
6,6,5,4	a-D-GlcpN	47%	93.0	55.0	72.5	78.6	74.7	62.7
6,6,5,4,2	Ac	83%	175.3	23.3
6,6,5,4,4	a-D-GlcpN	73%	96.2	54.9	70.9	70.4	73.6	61.5
6,6,4	a-Kdop	83%	175.9	101.6	35.3	66.7	67.3	72.9	70.9	63.8
