Lineage	Residue	Trust	C1	C2	C3	C4	C5	C6	C7	C8
	a-D-GlcpN	13%	96.1	54.6	71.4	70.3	71.9	67.2
1	P	50%
6	b-D-GlcpN	0%	102.9	56.2	73.0	74.3	75.4	67.1
6,4	P	50%
6,6	a-Kdop	0%	176.5	102.5	34.2	72.4	72.1	71.5	70.5	64.2
6,6,5	a-Kdop	0%	176.5	102.5	33.7	70.5	69.4	71.5	70.5	64.2
6,6,5,5	a-Kdop	13%	176.5	102.5	35.2	67.4	67.1	72.5	69.5	70.2
6,6,5,5,8	a-L-Rhap	100%	101.2	70.8	79.0	72.4	69.6	17.6
6,6,5,5,8,3	a-L-Rhap	100%	103.5	70.8	79.0	72.4	69.6	17.6
6,6,5,5,8,3,3	a-L-Rhap	100%	103.5	71.6	71.3	73.5	70.0	18.0
6,6,5,4	a-D-GlcpNAc	100%	95.4	55.3	72.3	78.8	72.0	61.9	175.4	23.2
6,6,5,4,4	a-D-GlcpN	100%	99.7	55.1	71.4	70.3	73.4	61.2
6,6,4	a-Kdop	100%	176.5	102.5	35.2	67.4	67.1	72.5	70.5	64.2
