Linkage	Residue	Trust	C1	C2	C3	C4	C5	C6
	b-D-Glcp	69%	97.4	75.5	76.2	76.5	75.8	66.9
6	b-D-Glcp	48%	103.6	74.1	76.9	70.2	76.6	61.9
6,3	a-D-Araf	39%	108.7	81.2	76.1	83.8	62.8
4	b-D-Manp	72%	103.5	71.8	73.1	78.0	76.6	62.7
4,4	b-D-Glcp	56%	104.2	74.2	77.0	80.6	76.0	62.2
4,4,2	Ac	83%	174.6	21.9
4,4,4	b-D-Manp	55%	101.7	71.5	73.0	77.9	76.5	72.5
4,4,4,6	b-D-Manp	69%	101.0	69.2	80.8	66.6	77.4	62.3
4,4,4,6,3	b-D-Manp	60%	102.4	68.9	77.1	66.6	77.7	62.5
4,4,4,6,3,3	b-D-Manp	67%	98.3	72.2	74.3	68.3	77.7	62.5
4,4,4,4	b-D-Manp	79%	101.5	71.3	72.8	78.0	76.4	62.0
4,4,4,4,4	b-D-Manp	67%	100.6	73.9	74.3	68.1	77.9	62.6
4,4,4,4,4,2	Ac	85%	174.9	21.5
