Lineage	Residue	Trust	C1	C2	C3	C4	C5	C6
	b-D-Glcp	67%	97.4	75.4	76.2	76.5	75.8	66.9
6	b-D-Glcp	59%	103.7	73.4	84.8	70.6	76.9	62.0
6,3	a-D-Araf	88%	109.2	81.8	77.4	84.8	62.4
4	b-D-Manp	88%	101.4	71.6	73.2	78.1	76.5	61.9
4,4	b-D-Glcp	56%	104.2	74.2	77.0	80.6	76.0	62.2
4,4,2	Ac	91%	174.9	21.5
4,4,4	b-D-Manp	59%	101.4	71.5	73.1	78.1	75.8	71.2
4,4,4,6	b-D-Manp	92%	101.5	68.9	80.5	66.3	77.4	62.3
4,4,4,6,3	b-D-Manp	89%	98.8	68.9	80.1	66.3	77.4	62.3
4,4,4,6,3,3	b-D-Manp	89%	98.0	71.7	74.3	68.0	77.5	62.3
4,4,4,4	b-D-Manp	93%	101.5	71.4	73.1	78.1	76.4	62.2
4,4,4,4,4	b-D-Manp	68%	100.6	73.9	74.3	68.1	77.9	62.6
4,4,4,4,4,2	Ac	96%	175.0	21.4
