Lineage	Residue	Trust	C1	C2	C3	C4	C5	C6
	b-D-Glcp	0%	97.1	75.4	76.0	76.9	75.2	69.9
6	b-D-Glcp	63%	103.8	73.0	84.8	70.9	77.2	62.1
6,3	a-D-Araf	100%	109.2	81.8	77.5	84.9	62.4
4	b-D-Manp	100%	100.9	71.5	73.3	78.2	76.4	61.6
4,4	b-D-Glcp	0%	102.8	79.4	75.0	76.9	76.2	62.1
4,4,2	Ac	100%	175.0	21.3
4,4,4	b-D-Manp	50%	100.9	71.5	73.3	78.2	75.2	70.1
4,4,4,6	b-D-Manp	100%	101.6	68.8	80.4	66.2	77.4	62.3
4,4,4,6,3	b-D-Manp	100%	97.9	68.8	80.4	66.2	77.4	62.3
4,4,4,6,3,3	b-D-Manp	100%	97.9	71.5	74.3	67.9	77.4	62.3
4,4,4,4	b-D-Manp	100%	101.6	71.5	73.3	78.2	76.4	62.3
4,4,4,4,4	b-D-Manp	0%	100.6	76.5	73.3	67.9	77.4	62.3
4,4,4,4,4,2	Ac	100%	175.0	21.3
